+----+---+------------------+-----+------+--------------------+------------------+
|공급규모|경쟁률|              거래금액|소비자물가|  time|            features|        prediction|
+----+---+------------------+-----+------+--------------------+------------------+
|   0|0.0|195712.05847953216|  0.0|202106|  (4,[3],[202106.0])|209853.80985741317|
|   0|0.0|208012.91428571427|  0.3|202103|[0.0,0.0,0.3,2021...|209364.89829806238|
|   0|0.0| 155214.8854961832|  0.4|202001|[0.0,0.0,0.4,2020...|188591.67696338147|
|   0|0.0| 165150.0686813187|  0.9|201808|[0.0,0.0,0.9,2018...| 149413.1891842559|
|   0|0.0|134371.79325842697| -0.1|201710|[0.0,0.0,-0.1,201...|129004.21034236252|
|   0|0.0|110904.23926380368|  0.3|201608|[0.0,0.0,0.3,2016...|108354.26311609894|
+----+---+------------------+-----+------+--------------------+------------------+

+------------------+------------------+
|        prediction|              거래금액|
+------------------+------------------+
|129004.21034236252|134371.79325842697|
|209364.89829806238|208012.91428571427|
| 149413.1891842559| 165150.0686813187|
|108354.26311609894|110904.23926380368|
|209853.80985741317|195712.05847953216|
|188591.67696338147| 155214.8854961832|
+------------------+------------------+

강남구 집값 예측 모델 지표
adjusted r2: 0.7464695540420033
MAE: 12087.49423637656
RMSE: 16323.755197400955
